image_width: 1280
image_height: 720
camera_name: right
camera_matrix:
  rows: 3
  cols: 3
  data: [969.212477, 0.000000, 635.990838, 0.000000, 970.648476, 355.523918, 0.000000, 0.000000, 1.000000]
distortion_model: plumb_bob
distortion_coefficients:
  rows: 1
  cols: 5
  data: [-0.426715, 0.165810, 0.000503, 0.001933, 0.000000]
rectification_matrix:
  rows: 3
  cols: 3
  data: [1.000000, 0.000000, 0.000000, 0.000000, 1.000000, 0.000000, 0.000000, 0.000000, 1.000000]
projection_matrix:
  rows: 3
  cols: 4
  data: [755.926331, 0.000000, 639.896354, 0.000000, 0.000000, 909.733337, 355.145302, 0.000000, 0.000000, 0.000000, 1.000000, 0.000000]